0.1047983169555664
0.12448644638061523
0.11726641654968262
0.11622929573059082
0.11327648162841797
0.13532114028930664
0.45212697982788086
0.5795447826385498
0.39129185676574707
0.12808537483215332
0.1282942295074463
0.12827587127685547
0.1275496482849121
0.13187813758850098
0.11960911750793457
0.11596131324768066
0.10626769065856934
0.1182260513305664
0.4436795711517334
0.5761446952819824
0.3709704875946045
0.10918354988098145
0.09492111206054688
0.12023663520812988
0.11124467849731445
0.11174464225769043
0.1094522476196289
0.14029979705810547
0.1503591537475586
0.10986328125
0.14000535011291504
0.1304478645324707
0.11886858940124512
0.13278937339782715
0.14017844200134277
0.13318777084350586
0.6740114688873291
0.13921523094177246
0.14198756217956543
0.44074034690856934
0.12757086753845215
0.14030933380126953
0.13166189193725586
0.13080334663391113
0.14072155952453613
0.1323549747467041
0.1271517276763916
0.1295022964477539
0.8459837436676025
0.19408559799194336
0.13052964210510254
0.12967419624328613
0.12995576858520508
0.24501872062683105
0.13357901573181152
0.14656329154968262
0.16611957550048828
0.36191892623901367
0.14090991020202637
0.13593435287475586
0.5782415866851807
0.1907026767730713
0.1427619457244873
0.14591670036315918
0.15394282341003418
0.153090238571167
0.15144109725952148
0.20163917541503906
0.2004232406616211
4659.940265893936
4155.307319402695
1029.5226199626923
4346.959238052368
2548.0293848514557
4793.198354482651
3699.7753818035126
755.5939373970032
2710.8060581684113
1463.0952942371368
175.28302216529846
1051.050228357315
2775.2332348823547
1324.5203771591187
1543.5829908847809
1992.8404123783112
2190.206155538559
4684.232848167419
138.87952280044556
229.80122017860413
3200.924570083618
771.5763185024261
1089.1308550834656
768.6771595478058
1850.4139976501465
4022.9963800907135
216.1543745994568
439.3952383995056
4207.062485218048
3996.462842941284
261.6610291004181
4502.174556255341
719.6193127632141
541.5314106941223
3995.714165687561
5155.416712760925
51.888551235198975
1271.4373157024384
4533.734164476395
2942.939263343811
2265.7679336071014
615.0255737304688
394.6316454410553
0.8032960891723633
2526.0048286914825
779.154602766037
3996.560261487961
2544.708423614502
721.5834820270538
5242.282454490662
3975.606518983841
812.5399208068848
3985.851578474045
1087.0443663597107
990.2109696865082
572.4381251335144
4033.159257173538
3488.617660045624
559.7867810726166
273.0478608608246
4353.217450141907
1087.839699268341
124.40101766586304
2560.9354887008667
945.2447602748871
4021.0770411491394
4357.569300174713
4215.611294031143
4405.838914871216
4580.057856559753
4389.973945856094
4382.096238613129
717.520979642868
7133.7463166713715
3476.948052883148
802.920655965805
409.6832571029663
1616.4179604053497
42.59652543067932
809.7993414402008
478.28627610206604
568.8187325000763
1556.3650863170624
771.6382718086243
2068.328458070755
3976.7249772548676
7.228961706161499
569.5080511569977
901.9703314304352
2865.1387157440186
2553.668535709381
411.61180543899536
863.1604628562927
264.2679121494293
3242.656856060028
471.48545241355896
571.0030698776245
705.9228279590607
952.8724579811096
4336.441868066788
4392.041091442108
772.9976229667664
411.3805491924286
403.36515259742737
1821.6164174079895
0.02944326400756836
0.05008363723754883
0.03331279754638672
0.049057722091674805
0.05079221725463867
0.015146493911743164
0.04952573776245117
0.061922550201416016
0.04968118667602539
0.03755521774291992
0.034088850021362305
0.05805325508117676
0.051395416259765625
0.06155109405517578
0.04438304901123047
0.053653717041015625
0.0594635009765625
0.042829036712646484
0.03419756889343262
0.042690277099609375
0.07222747802734375
0.025711774826049805
0.033046722412109375
0.04053807258605957
0.0449671745300293
0.05074882507324219
0.01273965835571289
0.06816887855529785
0.0510096549987793
0.0365450382232666
0.042473554611206055
0.03001856803894043
0.04238104820251465
0.03523707389831543
0.045857906341552734
0.05757880210876465
0.028067588806152344
0.023754596710205078
0.03800177574157715
0.0515291690826416
0.03448677062988281
0.046219587326049805
0.05747556686401367
0.0521237850189209
0.05796957015991211
0.022609233856201172
0.013527154922485352
0.030114173889160156
0.04235267639160156
0.008190393447875977
0.024046897888183594
0.021602869033813477
0.052429914474487305
0.0371248722076416
0.03819894790649414
0.026343345642089844
0.04263496398925781
0.045238494873046875
0.015055179595947266
0.05189704895019531
0.0527653694152832
0.0325314998626709
0.017325878143310547
0.053560733795166016
0.02674269676208496
0.06852102279663086
0.05582737922668457
0.022757291793823242
0.028951644897460938
0.03952503204345703
0.042905569076538086
0.058502912521362305
0.05082130432128906
0.0393369197845459
0.029801607131958008
0.030102252960205078
0.030295610427856445
0.030355453491210938
0.030463457107543945
0.030814170837402344
0.028862714767456055
0.031500816345214844
0.03321385383605957
0.029204845428466797
0.018973350524902344
0.03164315223693848
0.04301619529724121
0.018902301788330078
0.030100345611572266
0.02990126609802246
0.030998945236206055
0.02962660789489746
0.029183149337768555
0.037120819091796875
0.023151874542236328
0.024539947509765625
0.03633260726928711
0.12531304359436035
0.0310361385345459
0.05009722709655762
0.06964540481567383
0.06074833869934082
0.030982017517089844
0.0406033992767334
0.0818321704864502
0.024329185485839844
0.10715985298156738
0.04928135871887207
0.09245181083679199
0.04389810562133789
0.024840354919433594
0.10232925415039062
0.04374885559082031
0.0775139331817627
0.04053974151611328
0.06881260871887207
0.03567004203796387
0.09128737449645996
0.05453634262084961
0.0484013557434082
0.04169344902038574
0.04373621940612793
0.02394890785217285
0.024240493774414062
0.034943342208862305
0.07009649276733398
0.043840885162353516
0.02348470687866211
0.05619931221008301
0.0055446624755859375
0.0045452117919921875
0.006074190139770508
0.004684925079345703
0.004828929901123047
0.005589962005615234
0.004384756088256836
0.0046236515045166016
0.0036187171936035156
0.014963865280151367
0.005165576934814453
0.004850149154663086
0.006151676177978516
0.00603175163269043
0.0041120052337646484
0.013787031173706055
0.015094757080078125
0.005831480026245117
0.006007194519042969
0.006684780120849609
0.006212949752807617
0.0047454833984375
0.0058672428131103516
0.006073951721191406
0.004397869110107422
0.005810260772705078
0.019417285919189453
0.01575636863708496
0.006192207336425781
0.004667520523071289
0.004562854766845703
0.00509190559387207
0.004500627517700195
0.006027936935424805
0.004691362380981445
0.004600048065185547
0.0050776004791259766
0.005849361419677734
0.0036940574645996094
0.014698505401611328
0.004691123962402344
0.005995750427246094
0.006142139434814453
0.0060689449310302734
0.006217002868652344
0.003947019577026367
0.0052947998046875
0.005837917327880859
0.004613637924194336
20.21914529800415
48.5003879070282
21.49887490272522
3465.045686006546
20.402010679244995
48.80172944068909
21.827824115753174
3500.344848394394
548.8270893096924
275.08385157585144
402.54186248779297
4453.021894454956
956.8544869422913
0.017101049423217773
0.024212121963500977
0.025041818618774414
0.025098323822021484
0.025993824005126953
0.024789094924926758
0.024925947189331055
0.025100231170654297
0.015151262283325195
0.025861501693725586
0.027462244033813477
0.025784730911254883
0.02461862564086914
0.02552652359008789
0.024786949157714844
0.015420675277709961
0.025254487991333008
0.024231433868408203
0.025542497634887695
0.027961254119873047
0.025421619415283203
0.015476226806640625
0.01593184471130371
0.02441573143005371
0.016271352767944336
0.016928672790527344
0.02529621124267578
0.02830052375793457
0.02705979347229004
0.014112472534179688
0.02447366714477539
0.015502214431762695
0.04254412651062012
0.013524055480957031
0.01070261001586914
0.011979818344116211
0.022591114044189453
0.01186513900756836
0.01140284538269043
0.014076709747314453
0.011377811431884766
0.03239941596984863
0.012945890426635742
0.027306318283081055
0.01158905029296875
0.012159109115600586
0.02483224868774414
0.05043482780456543
0.016271352767944336
0.05023479461669922
0.03638458251953125
0.034586429595947266
0.024658203125
0.02437591552734375
0.04617190361022949
0.012673377990722656
0.03911757469177246
0.03667449951171875
0.052721261978149414
0.03189992904663086
0.012370586395263672
0.06360411643981934
0.03188061714172363
0.05403423309326172
0.024202346801757812
0.05146026611328125
0.023014307022094727
0.05198359489440918
0.05218648910522461
0.03815770149230957
0.0243527889251709
0.03186368942260742
0.011706113815307617
0.012383222579956055
0.022460222244262695
0.03329586982727051
0.04447150230407715
0.025417089462280273
0.04603075981140137
0.03381681442260742
0.012123346328735352
0.012487649917602539
0.024802446365356445
0.10946464538574219
0.020014047622680664
0.03921103477478027
0.058144569396972656
0.04979276657104492
0.02916121482849121
0.028678178787231445
0.0782308578491211
0.012954950332641602
0.09624648094177246
0.03687000274658203
0.08175802230834961
0.03304290771484375
0.012542724609375
0.09076738357543945
0.03243088722229004
0.06624865531921387
0.02901482582092285
0.05415081977844238
0.02241683006286621
0.08121252059936523
0.05698966979980469
0.037401437759399414
0.029572725296020508
0.04794740676879883
0.012495279312133789
0.012610912322998047
0.022522926330566406
0.059197187423706055
0.033354759216308594
0.012635231018066406
0.046027421951293945
1801.6367709636688
1439.4329376220703
643.1864242553711
1793.649420261383
1652.0029873847961
1927.6764097213745
1372.3092153072357
542.2252848148346
1091.3671715259552
1082.9843971729279
159.65794491767883
454.0424087047577
1005.6153757572174
1135.127167224884
507.3619120121002
206.38132619857788
1756.6111447811127
1882.7867534160614
133.7133274078369
211.63985633850098
1134.8473100662231
541.5307621955872
230.84496927261353
544.0065779685974
546.1104867458344
1486.7418675422668
181.7288694381714
247.95649003982544
1459.3215663433075
1560.5833675861359
82.35414624214172
1795.7854945659637
423.8131699562073
375.2452583312988
1563.9263179302216
1832.207668542862
49.45293474197388
998.0353038311005
1805.1577305793762
1269.82479596138
893.2785296440125
525.9446775913239
209.0980987548828
0.7699751853942871
1319.7780358791351
540.3736464977264
1563.673825263977
1334.6288545131683
422.2477080821991
1835.0601029396057
1548.9388689994812
693.6282494068146
1555.542620420456
942.3751881122589
833.2985620498657
402.3263738155365
1378.3288831710815
1246.8499822616577
386.0538671016693
246.88973927497864
1588.7754788398743
323.56586027145386
111.81980419158936
1695.0343058109283
469.51500368118286
1717.4507193565369
1403.3545157909393
646.7678909301758
1740.6191029548645
1683.7224235534668
1838.0005671977997
1350.3499374389648
518.3016676902771
1075.4374642372131
1068.5765314102173
158.88081979751587
455.7761056423187
1006.3479821681976
1118.3535025119781
503.11460995674133
203.97249364852905
1617.7390778064728
1795.6347041130066
133.0769555568695
212.4143455028534
1102.9304037094116
513.2508153915405
228.24792218208313
518.3209798336029
535.9547772407532
1460.93004322052
179.57071137428284
245.38809990882874
1424.5946731567383
1483.8490116596222
82.26514458656311
1710.206996679306
436.3302252292633
376.9537777900696
1481.0896542072296
1794.353966474533
49.43179535865784
866.9026203155518
1726.9440686702728
1245.2043640613556
854.3626937866211
543.6086151599884
207.28063011169434
0.7825486660003662
1306.1613628864288
516.834456205368
1480.3153026103973
1310.9488496780396
439.405385017395
1781.3277006149292
1487.255707502365
636.8127365112305
1501.1331298351288
875.474894285202
806.964307308197
389.35934472084045
1318.3234798908234
1219.9280512332916
360.57832384109497
248.19458413124084
1541.8099572658539
328.12108850479126
109.23855829238892
1707.5867202281952
459.15995359420776
1539.7356991767883
1465.0818374156952
1606.763677597046
1499.024384021759
1710.6086797714233
1555.4857997894287
1583.653428554535
440.8836965560913
1659.6123337745667
1359.8237144947052
456.3064332008362
239.33085560798645
613.5274662971497
40.83001708984375
456.5109899044037
335.210417509079
387.1002812385559
1141.26345205307
583.3460063934326
762.1324918270111
1496.6394665241241
7.22497034072876
387.28706431388855
606.9952895641327
659.7109785079956
1044.4899125099182
388.1467537879944
717.8903958797455
248.77596592903137
1325.2810192108154
408.96594071388245
385.32761335372925
480.22860503196716
454.49884033203125
1607.9133729934692
1701.2724554538727
516.9808099269867
378.9607563018799
347.5200562477112
1338.1892125606537
0.14812445640563965
0.1678447723388672
0.16323447227478027
0.16893506050109863
0.21164321899414062
0.21957612037658691
0.19136762619018555
0.13097167015075684
0.1619250774383545
0.1401228904724121
0.13322925567626953
0.1330432891845703
0.16477227210998535
0.14082884788513184
0.1492323875427246
0.1725609302520752
0.17205572128295898
0.14175200462341309
0.13258051872253418
0.13873767852783203
0.17242074012756348
0.16849684715270996
0.29926204681396484
0.14394807815551758
0.14154267311096191
0.2856307029724121
0.16710519790649414
0.14312005043029785
0.16811609268188477
0.17032814025878906
0.14110422134399414
0.17472481727600098
0.135833740234375
0.1448678970336914
0.2712249755859375
0.21694231033325195
0.13567829132080078
0.13324952125549316
0.17000746726989746
0.243851900100708
0.12320899963378906
0.17690587043762207
0.18815898895263672
0.2826731204986572
0.14428925514221191
0.17026352882385254
0.19836974143981934
0.2082352638244629
0.1433267593383789
0.17277908325195312
0.17833256721496582
0.1790473461151123
0.17796039581298828
0.2229011058807373
0.1746821403503418
0.041139841079711914
0.038285255432128906
0.02869129180908203
0.05139970779418945
0.04116964340209961
0.029705286026000977
0.03152275085449219
0.03909659385681152
0.06659078598022461
0.024702787399291992
0.02681422233581543
0.03585457801818848
0.045830488204956055
0.03852081298828125
0.04231905937194824
0.027096271514892578
0.05439329147338867
0.02665996551513672
0.03765392303466797
0.02642083168029785
0.05056142807006836
0.02744436264038086
0.025423526763916016
0.04601311683654785
0.0416560173034668
0.0153045654296875
0.01683187484741211
0.051851511001586914
0.0455479621887207
0.03976559638977051
0.026459455490112305
0.02827906608581543
0.027158737182617188
0.02815556526184082
0.03297138214111328
0.05030965805053711
0.031221389770507812
0.0269773006439209
0.037552595138549805
0.03921627998352051
0.029598474502563477
0.03689074516296387
0.0555567741394043
0.0389094352722168
0.04904055595397949
0.026928186416625977
0.017275333404541016
0.023305177688598633
0.04422926902770996
0.011843204498291016
0.02819228172302246
0.018001317977905273
0.040657997131347656
0.03375649452209473
0.0306241512298584
0.029655933380126953
0.026915550231933594
0.0506594181060791
0.01676797866821289
0.034125328063964844
0.03698897361755371
0.03330349922180176
0.0326995849609375
0.03942537307739258
0.024539470672607422
0.04061746597290039
0.042873382568359375
0.02619194984436035
0.030052900314331055
0.03602290153503418
0.027157306671142578
0.04922080039978027
0.037436485290527344
0.03538250923156738
0.024904966354370117
0.02610039710998535
0.038474082946777344
0.06414055824279785
0.019871234893798828
0.06450581550598145
0.05104660987854004
0.04799962043762207
0.038948774337768555
0.038260698318481445
0.055115699768066406
0.02618241310119629
0.05223369598388672
0.05083632469177246
0.06532812118530273
0.04577469825744629
0.02570366859436035
0.08259868621826172
0.045635223388671875
0.06742405891418457
0.03831028938293457
0.06582403182983398
0.0360867977142334
0.0648961067199707
0.06609439849853516
0.05313277244567871
0.04835224151611328
0.04544401168823242
0.025226593017578125
0.030750274658203125
0.03620648384094238
0.04757070541381836
0.04631781578063965
0.025698423385620117
0.046997785568237305
0.009151935577392578
0.007967472076416016
0.008837699890136719
0.00793313980102539
0.008202075958251953
0.008556604385375977
0.007794618606567383
0.00796055793762207
0.006891012191772461
0.018355607986450195
0.008433341979980469
0.007937908172607422
0.009368658065795898
0.009330272674560547
0.006737232208251953
0.016748428344726562
0.018111228942871094
0.00906062126159668
0.009199380874633789
0.009336471557617188
0.00932621955871582
0.008025646209716797
0.0090789794921875
0.009257316589355469
0.007786273956298828
0.009093761444091797
0.02334427833557129
0.019140243530273438
0.009228944778442383
0.00777888298034668
0.007834911346435547
0.00852823257446289
0.00834202766418457
0.009096384048461914
0.0077326297760009766
0.0077838897705078125
0.007912397384643555
0.009174346923828125
0.022626638412475586
0.017917633056640625
0.007788181304931641
0.00922393798828125
0.009156942367553711
0.009080886840820312
0.008866310119628906
0.0075244903564453125
0.008608341217041016
0.009032964706420898
0.008000612258911133
0.038712501525878906
0.03175187110900879
0.02438974380493164
0.032752037048339844
0.032746315002441406
0.06374120712280273
0.032355546951293945
0.031578779220581055
0.032988548278808594
0.033042192459106445
0.06336307525634766
0.03127741813659668
0.03399968147277832
0.03297066688537598
0.06338334083557129
0.04683423042297363
0.03292536735534668
0.06444954872131348
0.03229403495788574
0.04590201377868652
0.047679901123046875
0.01855182647705078
0.019965648651123047
0.02009105682373047
0.03422069549560547
0.01851940155029297
0.019736289978027344
0.034659624099731445
0.01830887794494629
0.019729137420654297
0.02031993865966797
0.019329071044921875
0.019670724868774414
0.019132375717163086
0.018756866455078125
0.020083189010620117
0.020395994186401367
0.018924951553344727
0.01862645149230957
0.02079463005065918
0.019539594650268555
0.01868462562561035
0.03392839431762695
0.01973581314086914
0.020092010498046875
0.019576072692871094
0.03216099739074707
0.03790116310119629
0.018613100051879883
0.01971721649169922
0.020877361297607422
0.01982855796813965
0.019750356674194336
0.019890546798706055
0.01941967010498047
0.020696401596069336
0.03472757339477539
0.019008159637451172
0.018576622009277344
0.021216154098510742
0.019461393356323242
0.019027233123779297
0.020151376724243164
0.020166397094726562
0.020214319229125977
0.03326010704040527
0.018408775329589844
3962.5206985473633
3377.351503610611
1030.8509058952332
3778.3610570430756
2775.497145652771
4123.518000602722
3578.152022600174
1055.0123574733734
3809.0468142032623
2638.53142118454
4486.874041080475
3168.003658771515
817.2095284461975
2172.227269411087
1546.4677345752716
177.42137575149536
828.3080778121948
2284.8974697589874
1408.1664412021637
1469.4673228263855
642.3376393318176
2346.258841276169
4083.975365638733
136.0585479736328
226.11527037620544
2644.0381996631622
815.4280395507812
830.5516631603241
823.4395003318787
1681.2935807704926
3434.075770378113
211.1815938949585
438.95911955833435
3573.955379486084
3464.3328652381897
207.09711337089539
3913.3811926841736
713.8221492767334
545.6456522941589
3473.241324186325
4659.816394805908
52.911543130874634
1329.2583463191986
3983.1530323028564
2415.907101392746
1825.4980540275574
598.6607911586761
403.5520238876343
0.7891526222229004
2737.3104276657104
829.3422157764435
3478.0997009277344
2758.3976430892944
706.6817936897278
4574.127685785294
3481.9619147777557
822.291182756424
3486.3937911987305
1158.3366222381592
1038.5460860729218
619.5484118461609
3255.4078271389008
2909.167904853821
607.4946045875549
284.77983045578003
3683.631162881851
1000.2768738269806
119.77594876289368
2644.892609357834
1056.1189949512482
3505.1761271953583
3641.0295276641846
3707.62460398674
3818.0151257514954
4018.026498556137
3942.8881602287292
3865.0961241722107
713.4316663742065
3081.837897539139
2840.9881834983826
816.8764717578888
430.03208017349243
1247.0005254745483
42.39644980430603
827.5652525424957
529.5263674259186
618.4103586673737
1650.7896447181702
796.7413878440857
1550.4413049221039
3459.142905473709
7.218575716018677
624.1835286617279
992.7697420120239
2813.9164593219757
2047.0067656040192
414.6663157939911
887.2671966552734
261.11599016189575
2687.4948942661285
478.1306884288788
612.0369272232056
715.2689170837402
1052.6264822483063
3721.312411546707
3815.43115067482
812.0235435962677
424.41097593307495
430.98177886009216
2064.46315741539
0.14897942543029785
0.14459514617919922
0.18207645416259766
0.15360116958618164
0.3116755485534668
0.3709433078765869
0.31666135787963867
0.14733672142028809
0.1807267665863037
0.18826699256896973
0.14948630332946777
0.14971113204956055
0.1676034927368164
0.15708017349243164
0.20549249649047852
0.13904333114624023
0.15722393989562988
0.19574522972106934
0.18189239501953125
0.14204955101013184
0.15666532516479492
0.15213990211486816
0.4184300899505615
0.19163227081298828
0.19576764106750488
0.4264106750488281
0.18358159065246582
0.19243788719177246
0.18618273735046387
0.15076041221618652
0.19747090339660645
0.16064834594726562
0.14808273315429688
0.15966415405273438
0.48436546325683594
0.24800372123718262
0.13881874084472656
0.19333791732788086
0.1403336524963379
0.25779080390930176
0.1518259048461914
0.1999208927154541
0.17762279510498047
0.37514615058898926
0.15654945373535156
0.1912081241607666
0.4087681770324707
0.2243959903717041
0.19716191291809082
0.15534353256225586
0.1631488800048828
0.2003459930419922
0.16281557083129883
0.21532750129699707
0.18879294395446777
0.02874279022216797
0.04351925849914551
0.03283810615539551
0.03768110275268555
0.04080486297607422
0.0152130126953125
0.036733388900756836
0.03728318214416504
0.03670239448547363
0.02918720245361328
0.023868560791015625
0.03905034065246582
0.04871225357055664
0.035863637924194336
0.03485512733459473
0.031720876693725586
0.04835772514343262
0.030774593353271484
0.023967504501342773
0.030465126037597656
0.043915748596191406
0.026287317276000977
0.03282284736633301
0.03214144706726074
0.04433798789978027
0.03595542907714844
0.01309347152709961
0.05785012245178223
0.03954029083251953
0.02636551856994629
0.0305020809173584
0.019764423370361328
0.03014826774597168
0.02292466163635254
0.02822279930114746
0.040421247482299805
0.01788043975830078
0.02420639991760254
0.03795433044433594
0.041829824447631836
0.020697593688964844
0.027237653732299805
0.048177480697631836
0.0430142879486084
0.03940391540527344
0.02284097671508789
0.014266014099121094
0.02924656867980957
0.031552791595458984
0.009381532669067383
0.02468585968017578
0.014837980270385742
0.04106450080871582
0.026925325393676758
0.03578543663024902
0.026267290115356445
0.03104996681213379
0.03503847122192383
0.015009403228759766
0.0421144962310791
0.0301971435546875
0.024090290069580078
0.01791095733642578
0.04843258857727051
0.01083064079284668
0.04852747917175293
0.042266130447387695
0.012810230255126953
0.02828383445739746
0.037561893463134766
0.0307614803314209
0.039647817611694336
0.035793304443359375
0.036100149154663086
0.012153863906860352
0.012995243072509766
0.0250091552734375
0.06604337692260742
0.018502473831176758
0.0389103889465332
0.039467811584472656
0.03686404228210449
0.027996063232421875
0.02757406234741211
0.04447770118713379
0.013235807418823242
0.059357404708862305
0.03668951988220215
0.05186200141906738
0.03609347343444824
0.012779474258422852
0.08164811134338379
0.03532123565673828
0.06489777565002441
0.028049230575561523
0.06968259811401367
0.02272820472717285
0.05313515663146973
0.039702653884887695
0.03802967071533203
0.028065919876098633
0.03198385238647461
0.01238870620727539
0.012465238571166992
0.022835254669189453
0.054056406021118164
0.03638744354248047
0.012632131576538086
0.03948855400085449
0.008005857467651367
0.006699562072753906
0.007773876190185547
0.006713151931762695
0.006608486175537109
0.007661342620849609
0.0069789886474609375
0.006482362747192383
0.005479335784912109
0.012610435485839844
0.007395744323730469
0.00646662712097168
0.008008718490600586
0.00799417495727539
0.005483865737915039
0.005617856979370117
0.006583690643310547
0.008042097091674805
0.008469820022583008
0.008184194564819336
0.008115768432617188
0.006582021713256836
0.008115291595458984
0.008368730545043945
0.006421566009521484
0.008075952529907227
0.021301746368408203
0.007965087890625
0.007982492446899414
0.006685018539428711
0.006560564041137695
0.0072824954986572266
0.006455659866333008
0.008094310760498047
0.006554365158081055
0.006826162338256836
0.006612062454223633
0.008205413818359375
0.020954608917236328
0.006515026092529297
0.006754159927368164
0.008012533187866211
0.008338689804077148
0.008110761642456055
0.00803232192993164
0.006375789642333984
0.007181644439697266
0.008006811141967773
0.006529331207275391
638.3973500728607
643.3663442134857
965.748738527298
0.030225753784179688
0.0095062255859375
0.010107994079589844
0.010622262954711914
0.010590076446533203
0.010757207870483398
0.010356426239013672
0.010202169418334961
0.015071392059326172
0.01047658920288086
0.013966798782348633
0.011111736297607422
0.010533571243286133
0.010329008102416992
0.010511159896850586
0.010029077529907227
0.01201319694519043
0.010116338729858398
0.013844490051269531
0.01018214225769043
0.00967264175415039
0.011160612106323242
0.010661125183105469
0.0134124755859375
0.015749216079711914
0.010449409484863281
0.022026777267456055
0.010183334350585938
0.01030111312866211
0.011532068252563477
0.010125875473022461
0.009423255920410156
0.009945869445800781
0.009715795516967773
0.009662389755249023
0.009734392166137695
0.019901514053344727
0.013787269592285156
0.010317802429199219
0.010396957397460938
0.01048421859741211
0.010360956192016602
0.012530803680419922
0.010433673858642578
0.010339498519897461
0.01906442642211914
0.024979114532470703
0.010339975357055664
0.009896278381347656
0.015199661254882812
0.02470684051513672
0.009668350219726562
0.010189056396484375
0.009723424911499023
0.010380029678344727
0.02954840660095215
0.010268926620483398
0.010242223739624023
0.010556221008300781
0.010922908782958984
0.010687112808227539
0.010766029357910156
0.020173072814941406
0.009846210479736328
0.009702205657958984
0.009930610656738281
0.009803295135498047
0.02072620391845703
0.01047968864440918
0.010212182998657227
0.010483503341674805
0.01015019416809082
0.010451793670654297
0.02028632164001465
0.008524656295776367
0.009538650512695312
0.009827375411987305
0.009415626525878906
0.01094508171081543
0.009979248046875
0.010320425033569336
0.011356830596923828
0.009826898574829102
0.014318704605102539
0.010233640670776367
0.009885549545288086
0.010100126266479492
0.010023832321166992
0.009805679321289062
0.01008296012878418
0.010126113891601562
0.014248847961425781
0.010446548461914062
0.009841680526733398
0.010403871536254883
0.010597467422485352
0.011587858200073242
0.0121917724609375
0.010191679000854492
0.034005165100097656
0.009105682373046875
0.009240388870239258
0.009930849075317383
0.009799957275390625
0.009280204772949219
0.009868144989013672
0.009363174438476562
0.009650468826293945
0.009731292724609375
0.031298160552978516
0.014821052551269531
0.009994745254516602
0.01031351089477539
0.010628461837768555
0.010205507278442383
0.010261058807373047
0.010647058486938477
0.00998830795288086
0.021509408950805664
0.04059576988220215
0.009899616241455078
0.009443521499633789
0.020505905151367188
0.009090185165405273
0.009943962097167969
0.01004648208618164
0.009829998016357422
0.011140584945678711
0.01002192497253418
0.009830713272094727
0.010906457901000977
0.01001596450805664
0.01405477523803711
0.010971784591674805
0.010252237319946289
0.010178089141845703
0.010256052017211914
0.010215044021606445
0.010062217712402344
0.010157346725463867
0.014791727066040039
0.010696887969970703
0.010233879089355469
0.01071476936340332
0.01045680046081543
0.011784553527832031
0.012248516082763672
0.010324716567993164
0.03507399559020996
0.009338617324829102
0.009064674377441406
0.009686708450317383
0.010257959365844727
0.009181022644042969
0.01015162467956543
0.009276390075683594
0.009964942932128906
0.009984254837036133
0.03228759765625
0.015059471130371094
0.010251998901367188
0.010455608367919922
0.010917425155639648
0.0103912353515625
0.010317087173461914
0.010172367095947266
0.009701251983642578
0.022171974182128906
0.041210174560546875
0.010015487670898438
0.009716033935546875
0.012769460678100586
0.0421750545501709
0.010369062423706055
0.010782480239868164
0.009916543960571289
0.010654449462890625
0.020546674728393555
0.009570598602294922
0.009615182876586914
0.010645627975463867
0.009938716888427734
0.010049819946289062
0.009745359420776367
0.030628681182861328
0.010002851486206055
0.010418415069580078
0.010457515716552734
0.011340856552124023
0.03530693054199219
0.010505437850952148
0.01041412353515625
0.01019144058227539
0.009780168533325195
0.010056257247924805
0.021163225173950195
0.020973682403564453
0.009680509567260742
0.011318683624267578
0.009582042694091797
0.009999990463256836
0.011222124099731445
0.011209487915039062
0.010904550552368164
0.011704206466674805
0.009969711303710938
0.014724016189575195
0.010541439056396484
0.01006770133972168
0.010298967361450195
0.010250329971313477
0.009943723678588867
0.010538578033447266
0.010154247283935547
0.01460576057434082
0.010144472122192383
0.009768486022949219
0.010205984115600586
0.011195182800292969
0.011992692947387695
0.01176595687866211
0.009831905364990234
0.033979177474975586
0.009918928146362305
0.010820865631103516
0.010174036026000977
0.010222196578979492
0.009679794311523438
0.010171651840209961
0.009792566299438477
0.010179996490478516
0.010312080383300781
0.031751155853271484
0.014302730560302734
0.009974956512451172
0.010875225067138672
0.010858297348022461
0.010656356811523438
0.01020359992980957
0.01004481315612793
0.00944972038269043
0.02182316780090332
0.04072976112365723
0.010334968566894531
0.010258913040161133
0.012128829956054688
0.04181861877441406
0.010338068008422852
0.010936260223388672
0.009615182876586914
0.011131048202514648
0.019992351531982422
0.010123729705810547
0.009887218475341797
0.010958671569824219
0.010377645492553711
0.010512351989746094
0.010678529739379883
0.030827045440673828
0.010482072830200195
0.011690616607666016
0.010779619216918945
0.010992288589477539
0.03290367126464844
0.010491132736206055
0.01024007797241211
0.010038614273071289
0.009897232055664062
0.010177850723266602
0.05225014686584473
0.04903125762939453
0.09504890441894531
0.08771109580993652
0.0483250617980957
0.016133785247802734
0.009625911712646484
0.01072239875793457
0.009629011154174805
0.010232925415039062
0.010154247283935547
0.011614561080932617
0.01123499870300293
0.01044774055480957
0.010175228118896484
0.012614011764526367
0.01011204719543457
0.009889364242553711
0.010132074356079102
0.010187149047851562
0.009827375411987305
0.009975910186767578
0.010076522827148438
0.01176595687866211
0.01022648811340332
0.009630918502807617
0.009700536727905273
0.01031637191772461
0.00992584228515625
0.011169672012329102
0.009725332260131836
0.015186071395874023
0.009844541549682617
0.010121583938598633
0.00978708267211914
0.010161399841308594
0.00948786735534668
0.009990930557250977
0.00976419448852539
0.010825157165527344
0.011494636535644531
0.02455425262451172
0.012836456298828125
0.009957551956176758
0.010859489440917969
0.011321306228637695
0.010546684265136719
0.010230779647827148
0.01099538803100586
0.010158300399780273
0.0162961483001709
0.01621413230895996
0.011332988739013672
0.009625434875488281
0.01034402847290039
0.016910314559936523
0.010144710540771484
0.010899543762207031
0.009450912475585938
0.010729074478149414
0.015299081802368164
0.009968757629394531
0.010095596313476562
0.009708642959594727
0.010680198669433594
0.009990215301513672
0.010684490203857422
0.019917011260986328
0.010259389877319336
0.010533571243286133
0.010481595993041992
0.010705709457397461
0.014847517013549805
0.009929418563842773
0.010353326797485352
0.010069608688354492
0.009804248809814453
0.010035514831542969
0.031583547592163086
0.03374886512756348
0.01056528091430664
0.02987527847290039
0.035723209381103516
0.010594844818115234
0.014361143112182617
0.014285802841186523
0.010406970977783203
0.01720571517944336
0.013152837753295898
0.012034177780151367
0.014444828033447266
0.014255762100219727
0.015312671661376953
0.01340031623840332
0.012668848037719727
0.0187990665435791
0.020140409469604492
0.014065980911254883
0.01049041748046875
0.009977102279663086
0.015567779541015625
0.010237932205200195
0.012624979019165039
0.010292768478393555
0.014283895492553711
0.012489795684814453
0.01040196418762207
0.013651609420776367
0.01513981819152832
0.009733438491821289
0.011017084121704102
0.015624761581420898
0.01018381118774414
0.012589454650878906
0.010272741317749023
0.01869654655456543
0.010109424591064453
0.018407344818115234
0.009975671768188477
0.013944864273071289
0.011211156845092773
0.013073205947875977
0.01833033561706543
0.012310028076171875
0.010228872299194336
0.00995326042175293
0.015445947647094727
0.012293577194213867
0.013294458389282227
0.011741399765014648
0.011726140975952148
0.010567188262939453
0.015653610229492188
0.013707876205444336
0.011246681213378906
0.01049184799194336
0.013979673385620117
0.011772394180297852
0.020712852478027344
0.013404369354248047
0.01013946533203125
0.015462636947631836
0.011850118637084961
0.02327108383178711
0.010107755661010742
0.010651350021362305
0.011176586151123047
0.01773834228515625
0.010012149810791016
0.013296127319335938
0.01014256477355957
0.010734081268310547
0.014228582382202148
0.018756389617919922
0.010129928588867188
0.014220952987670898
0.014138936996459961
0.0410008430480957
0.03268623352050781
0.06925153732299805
0.03351640701293945
0.06949543952941895
0.06759309768676758
0.023116588592529297
0.032581329345703125
0.06909942626953125
0.04551577568054199
0.03282427787780762
0.06972622871398926
0.0686030387878418
0.033652305603027344
0.06834602355957031
0.033505916595458984
0.0337369441986084
0.07028961181640625
0.04729938507080078
0.03389167785644531
0.0075452327728271484
0.007439374923706055
0.00728607177734375
0.007389545440673828
0.007460594177246094
0.0073621273040771484
0.00821065902709961
0.0074520111083984375
0.008165359497070312
0.007613182067871094
0.008196115493774414
0.00795602798461914
0.007380008697509766
0.007734537124633789
0.0072977542877197266
0.007714509963989258
0.0077435970306396484
0.007955551147460938
0.007947921752929688
0.008131027221679688
0.007985115051269531
0.007957696914672852
0.00729823112487793
0.008149147033691406
0.007521629333496094
0.007252931594848633
0.008534908294677734
0.007399082183837891
0.007439374923706055
0.007807731628417969
0.007880449295043945
0.007745027542114258
0.008062124252319336
0.007345914840698242
0.00796055793762207
0.0073511600494384766
0.007998228073120117
0.007505655288696289
0.007866144180297852
0.00803518295288086
0.007620334625244141
0.007487058639526367
0.008155345916748047
0.008218050003051758
0.008769750595092773
0.008010387420654297
0.007820606231689453
0.007742166519165039
0.007725715637207031
0.0069506168365478516
0.007610797882080078
0.008109569549560547
0.007865667343139648
0.007509946823120117
0.007386445999145508
0.00793004035949707
0.008198022842407227
0.007741689682006836
0.00757288932800293
0.0073015689849853516
0.008365154266357422
0.007970571517944336
0.007279396057128906
0.00794839859008789
0.008011817932128906
0.008753299713134766
0.0076007843017578125
0.007967710494995117
0.007885932922363281
0.007910728454589844
0.008425235748291016
0.0076694488525390625
0.007318019866943359
0.007721424102783203
0.00808262825012207
0.008236885070800781
0.008363723754882812
0.0074634552001953125
0.008115530014038086
0.00846242904663086
0.007682085037231445
0.008194684982299805
0.00771331787109375
0.10286688804626465
0.4160916805267334
0.7408161163330078
0.2922241687774658
0.5400276184082031
0.013654947280883789
1.2211668491363525
1.2121775150299072
0.16916155815124512
0.408735990524292
0.09766030311584473
0.3452935218811035
0.08183431625366211
0.3497030735015869
0.009708404541015625
0.01137685775756836
0.01405787467956543
0.010386943817138672
0.014289379119873047
0.00817251205444336
0.009708881378173828
0.012212276458740234
0.013572454452514648
0.010066747665405273
0.014841079711914062
0.008105754852294922
0.019425392150878906
0.019288063049316406
0.009679317474365234
0.012669801712036133
0.008118867874145508
0.01278996467590332
0.018288135528564453
0.01956796646118164
0.014369964599609375
0.01860952377319336
0.014131784439086914
0.015507936477661133
0.00811314582824707
0.015628337860107422
0.012091636657714844
0.007679939270019531
0.01864027976989746
0.008227109909057617
0.0214993953704834
0.011042594909667969
0.04439568519592285
0.07997441291809082
0.07562422752380371
0.05460858345031738
0.08518505096435547
0.011581659317016602
0.08047604560852051
0.07975029945373535
0.08131837844848633
0.06134629249572754
0.044307708740234375
0.060358285903930664
0.09162068367004395
0.07709026336669922
0.05947375297546387
0.06634807586669922
0.05471372604370117
0.1001884937286377
0.049176931381225586
0.12235450744628906
0.07569622993469238
0.08989882469177246
0.06960344314575195
0.07146072387695312
0.05932188034057617
0.08525967597961426
0.011279582977294922
0.11270523071289062
0.08177018165588379
0.10320115089416504
0.10132646560668945
0.022760868072509766
0.10271358489990234
0.0632166862487793
0.0731503963470459
0.10076904296875
0.03808450698852539
0.04419279098510742
0.053494930267333984
0.08575439453125
0.07239985466003418
0.0580751895904541
0.055046796798706055
0.10765194892883301
0.07927560806274414
0.0421755313873291
0.01149129867553711
0.05398201942443848
0.0543365478515625
0.010967016220092773
0.011572837829589844
0.03381967544555664
0.08471202850341797
0.04922819137573242
0.04838728904724121
0.04261589050292969
0.1238095760345459
0.05985093116760254
0.011626482009887695
0.07953333854675293
0.09948539733886719
0.06107306480407715
0.038034915924072266
0.06491541862487793
0.02227616310119629
0.11057376861572266
0.08812189102172852
0.02237844467163086
0.03411746025085449
0.04875898361206055
0.10260295867919922
0.0876610279083252
0.08974266052246094
0.04020500183105469
0.07002043724060059
0.4504375457763672
0.048418283462524414
0.08204483985900879
0.011332511901855469
0.07605099678039551
0.07589268684387207
0.07599043846130371
0.058837175369262695
0.033824920654296875
0.0566556453704834
0.08284950256347656
0.07549715042114258
0.05664801597595215
0.06005573272705078
0.051895856857299805
0.09421133995056152
0.033512115478515625
0.10801553726196289
0.07113218307495117
0.08691000938415527
0.06053900718688965
0.06539034843444824
0.059217214584350586
0.07684755325317383
0.010486602783203125
0.09606647491455078
0.07115912437438965
0.0847780704498291
0.09222054481506348
0.019974231719970703
0.09089326858520508
0.05546998977661133
0.052771568298339844
0.08824014663696289
0.036260366439819336
0.0347287654876709
0.04813742637634277
0.08479857444763184
0.06431698799133301
0.05320572853088379
0.05286073684692383
0.1008000373840332
0.09536576271057129
0.031855106353759766
0.011286258697509766
0.05077481269836426
0.041101694107055664
0.01080465316772461
0.01082468032836914
0.028235673904418945
0.08052968978881836
0.04866790771484375
0.04911041259765625
0.03643655776977539
0.09421277046203613
0.06152796745300293
0.01152348518371582
0.07672691345214844
0.09257817268371582
0.057346343994140625
0.03363442420959473
0.06247520446777344
0.019346237182617188
0.09348416328430176
0.08154726028442383
0.011325597763061523
0.028817176818847656
0.04644036293029785
0.09218311309814453
0.07252955436706543
0.07603764533996582
0.04746127128601074
0.07029056549072266
0.07369089126586914
0.047844886779785156
0.082183837890625
0.011871099472045898
0.07632684707641602
0.07720065116882324
0.061064958572387695
0.07481193542480469
0.03498244285583496
0.05211210250854492
0.08634233474731445
0.07545042037963867
0.05702066421508789
0.06135988235473633
0.05266761779785156
0.11086916923522949
0.03434157371520996
0.09384298324584961
0.07152128219604492
0.0862877368927002
0.06907892227172852
0.052547454833984375
0.057684898376464844
0.0992588996887207
0.011455297470092773
0.09310436248779297
0.0754702091217041
0.08291888236999512
0.09415841102600098
0.021301984786987305
0.09410858154296875
0.060253143310546875
0.07028579711914062
0.08877301216125488
0.03519034385681152
0.03634285926818848
0.0477752685546875
0.08321356773376465
0.0660398006439209
0.07005786895751953
0.05222630500793457
0.10391807556152344
0.07236075401306152
0.027610301971435547
0.011143684387207031
0.05297517776489258
0.03980112075805664
0.011450052261352539
0.010989665985107422
0.02881908416748047
0.07864260673522949
0.04643964767456055
0.054541826248168945
0.04595685005187988
0.09488105773925781
0.0522456169128418
0.012815475463867188
0.07644963264465332
0.09431028366088867
0.05610990524291992
0.03667879104614258
0.0629889965057373
0.020034074783325195
0.09496617317199707
0.08595728874206543
0.011343717575073242
0.029981613159179688
0.04628419876098633
0.09198403358459473
0.07317233085632324
0.07556986808776855
0.05567622184753418
0.0690455436706543
0.07185769081115723
0.047770023345947266
0.08136558532714844
0.011302947998046875
0.07666492462158203
0.0780477523803711
0.08815670013427734
0.056836605072021484
0.0430150032043457
0.06753253936767578
0.0826718807220459
0.07612013816833496
0.057769775390625
0.06062746047973633
0.05123639106750488
0.0989832878112793
0.04289817810058594
0.10991430282592773
0.07144927978515625
0.08919835090637207
0.06300139427185059
0.06087803840637207
0.05726003646850586
0.08455204963684082
0.012035846710205078
0.11522293090820312
0.07524919509887695
0.08931350708007812
0.09745407104492188
0.02060413360595703
0.09395933151245117
0.05880236625671387
0.056180477142333984
0.08957695960998535
0.010219812393188477
0.01178884506225586
0.013163089752197266
0.011079788208007812
0.013948202133178711
0.00765538215637207
0.020150423049926758
0.019318342208862305
0.00892019271850586
0.012147188186645508
0.00808262825012207
0.012184858322143555
0.017737627029418945
0.019374370574951172
0.012735128402709961
0.017113447189331055
0.013474702835083008
0.015114545822143555
0.007819175720214844
0.015726566314697266
0.011791467666625977
0.007649898529052734
0.01846480369567871
0.008260011672973633
0.014299869537353516
0.011829376220703125
0.014466524124145508
0.012665033340454102
0.012661933898925781
0.010766744613647461
0.014267921447753906
0.007994413375854492
0.021029233932495117
0.020560741424560547
0.01094961166381836
0.012352466583251953
0.008068084716796875
0.012186527252197266
0.018039941787719727
0.020449161529541016
0.012721061706542969
0.016977310180664062
0.013962030410766602
0.0148773193359375
0.007719993591308594
0.015187501907348633
0.01250147819519043
0.007703542709350586
0.018785953521728516
0.008342981338500977
0.012705802917480469
0.011824369430541992
0.011430740356445312
0.016095876693725586
0.01822066307067871
0.00760197639465332
0.015085458755493164
0.009291887283325195
0.014964103698730469
0.019130706787109375
0.013302803039550781
0.011913299560546875
0.03543424606323242
0.007828950881958008
0.01117086410522461
0.013917922973632812
0.014051675796508789
0.013967752456665039
0.014052152633666992
0.014087677001953125
0.011961936950683594
0.008069992065429688
0.011152029037475586
0.012926816940307617
0.00909280776977539
0.009540557861328125
0.011066675186157227
0.013259172439575195
0.01884746551513672
0.008087396621704102
0.012731552124023438
0.011045217514038086
0.015773296356201172
0.008566617965698242
0.007526397705078125
0.01591968536376953
0.014821052551269531
0.012786388397216797
0.03446507453918457
0.015860319137573242
0.011397600173950195
0.01925349235534668
0.017899751663208008
0.01137995719909668
0.007854700088500977
0.011144638061523438
0.015549182891845703
0.011913776397705078
0.02129340171813965
0.010508537292480469
0.013246536254882812
0.010191917419433594
0.00912332534790039
0.01044774055480957
0.008586406707763672
0.011016368865966797
0.010902881622314453
0.010606527328491211
0.009204626083374023
0.008634805679321289
0.009439706802368164
0.010983705520629883
0.011150121688842773
0.009354114532470703
0.01209259033203125
0.015825986862182617
0.00957179069519043
0.008665084838867188
0.009409666061401367
0.01241159439086914
0.008203983306884766
0.011554241180419922
0.00853872299194336
0.015080690383911133
0.009084463119506836
0.01200723648071289
0.010215520858764648
0.011267662048339844
0.008156538009643555
0.009612083435058594
0.009850740432739258
0.009442329406738281
0.012438297271728516
0.010614156723022461
0.009371757507324219
0.03606986999511719
0.008385658264160156
0.00904226303100586
0.009521961212158203
0.009891271591186523
0.011269807815551758
0.01646256446838379
0.009714603424072266
0.009742498397827148
0.008714914321899414
0.011375904083251953
0.00973653793334961
0.009667396545410156
0.009450912475585938
0.011436223983764648
0.011555910110473633
0.011059045791625977
0.008622884750366211
0.00904703140258789
0.008228778839111328
0.009783029556274414
0.009105920791625977
0.008107423782348633
0.010052919387817383
0.009511709213256836
0.009377479553222656
0.03527522087097168
0.009902477264404297
0.010437488555908203
0.011294364929199219
0.01107335090637207
0.011536598205566406
0.008525848388671875
0.009204626083374023
0.009836196899414062
0.00956583023071289
0.011615991592407227
0.010634183883666992
0.01331949234008789
0.009907960891723633
0.009001731872558594
0.009531021118164062
0.008197307586669922
0.01076507568359375
0.010936498641967773
0.009774208068847656
0.008938074111938477
0.007817983627319336
0.009007692337036133
0.011060953140258789
0.011131525039672852
0.00963592529296875
0.011914730072021484
0.013165473937988281
0.009089946746826172
0.008242130279541016
0.009139776229858398
0.01270151138305664
0.007744312286376953
0.011552810668945312
0.007797956466674805
0.014196395874023438
0.008753299713134766
0.011438846588134766
0.009826898574829102
0.010945320129394531
0.00773930549621582
0.009195327758789062
0.008416414260864258
0.009122848510742188
0.011471748352050781
0.010421037673950195
0.009145736694335938
0.03574085235595703
0.007862567901611328
0.00867462158203125
0.00971078872680664
0.01025080680847168
0.010491132736206055
0.013498544692993164
0.009103536605834961
0.009275436401367188
0.007848262786865234
0.011263847351074219
0.010116100311279297
0.009507179260253906
0.009143352508544922
0.010987997055053711
0.010994195938110352
0.01060342788696289
0.008154630661010742
0.008713006973266602
0.008209943771362305
0.00959920883178711
0.008645772933959961
0.0077974796295166016
0.009746551513671875
0.009129762649536133
0.00929570198059082
0.03480386734008789
0.00946664810180664
0.010062217712402344
0.010953903198242188
0.011165380477905273
0.011720418930053711
0.008388757705688477
0.008302688598632812
0.009668827056884766
0.009386777877807617
0.011485576629638672
0.010186910629272461
0.014128446578979492
0.009872198104858398
0.009128570556640625
0.009887218475341797
0.008075952529907227
0.01139688491821289
0.011214256286621094
0.009763240814208984
0.014884710311889648
0.04906153678894043
0.009501457214355469
0.017634153366088867
0.013456583023071289
0.008766889572143555
0.01792120933532715
0.01741814613342285
0.03625345230102539
0.011083602905273438
0.011418819427490234
0.011939048767089844
0.013728618621826172
0.01674032211303711
0.009468555450439453
0.011385917663574219
0.07767844200134277
0.009451866149902344
0.011472940444946289
0.009516239166259766
0.04848051071166992
0.008473873138427734
0.012469291687011719
0.016362667083740234
0.08036231994628906
0.008769035339355469
0.05391693115234375
0.01800227165222168
0.01177835464477539
0.008950233459472656
0.009559869766235352
0.013283729553222656
0.00937652587890625
0.015148162841796875
0.010906696319580078
0.013075113296508789
0.19358396530151367
0.01174783706665039
0.018280982971191406
0.013530969619750977
0.010467529296875
0.010444164276123047
0.07718467712402344
0.012691259384155273
0.01096653938293457
0.009557485580444336
0.06672978401184082
0.00944066047668457
0.02170395851135254
0.011117219924926758
0.06541013717651367
0.011263847351074219
0.016813278198242188
0.007722616195678711
0.012273311614990234
0.012879133224487305
0.010242223739624023
0.020605087280273438
0.008630752563476562
0.018460750579833984
0.009423255920410156
0.009606122970581055
0.2087268829345703
0.01710200309753418
0.010451555252075195
0.018424272537231445
0.011481046676635742
0.05350780487060547
0.015981435775756836
0.018098831176757812
0.009399890899658203
0.011063098907470703
0.01684713363647461
0.06290626525878906
0.06908607482910156
0.06885266304016113
0.056592702865600586
0.05411267280578613
0.006413459777832031
0.056096792221069336
0.0590667724609375
0.005844831466674805
0.054093122482299805
0.005876302719116211
0.05684638023376465
0.0686330795288086
0.06865382194519043
0.005933523178100586
0.020511388778686523
0.05930757522583008
0.06847095489501953
0.07289528846740723
0.06941843032836914
0.07134580612182617
0.056134939193725586
0.06859517097473145
0.06980395317077637
0.005952358245849609
0.07234930992126465
0.0062639713287353516
0.06984806060791016
0.07098126411437988
0.056417226791381836
0.0543828010559082
0.0059356689453125
0.054390907287597656
0.06855583190917969
0.055577993392944336
0.05524635314941406
0.05438089370727539
0.06892085075378418
0.0059545040130615234
0.054816246032714844
0.05496549606323242
0.0693809986114502
0.06889581680297852
0.07056045532226562
0.06968927383422852
0.0056018829345703125
0.0065860748291015625
0.06899905204772949
0.05609440803527832
0.044487953186035156
0.028596162796020508
0.01890397071838379
0.029978036880493164
0.06610918045043945
0.029564619064331055
0.04226994514465332
0.029119253158569336
0.02956223487854004
0.029279470443725586
0.06602048873901367
0.030154705047607422
0.06666684150695801
0.06744575500488281
0.04268836975097656
0.07838201522827148
0.030185222625732422
0.06602191925048828
0.03128767013549805
0.028503894805908203
0.06077456474304199
0.07443094253540039
0.07121682167053223
0.05331134796142578
0.05335545539855957
0.0060901641845703125
0.053749799728393555
0.05700373649597168
0.0058519840240478516
0.054872751235961914
0.005982637405395508
0.05864691734313965
0.06818580627441406
0.07017993927001953
0.005973100662231445
0.02052903175354004
0.056098222732543945
0.06904721260070801
0.07011175155639648
0.06969094276428223
0.06923747062683105
0.054067134857177734
0.07359814643859863
0.06880855560302734
0.006040811538696289
0.06918072700500488
0.0063555240631103516
0.06882333755493164
0.06874942779541016
0.05548715591430664
0.05361533164978027
0.005972146987915039
0.05382084846496582
0.07117938995361328
0.05542302131652832
0.05948519706726074
0.05428600311279297
0.06852030754089355
0.005928754806518555
0.05411863327026367
0.0561673641204834
0.06901240348815918
0.07551884651184082
0.06807684898376465
0.06926608085632324
0.005799531936645508
0.0059282779693603516
0.07033824920654297
0.05741763114929199
0.0595550537109375
0.06910514831542969
0.06832647323608398
0.055011749267578125
0.05422329902648926
0.0066280364990234375
0.054993391036987305
0.053522348403930664
0.006108522415161133
0.06086468696594238
0.006636381149291992
0.05428338050842285
0.06857967376708984
0.07361388206481934
0.006497621536254883
0.0210263729095459
0.05596303939819336
0.06811690330505371
0.06836056709289551
0.06724166870117188
0.07160663604736328
0.0574033260345459
0.07456803321838379
0.06878232955932617
0.006276845932006836
0.07295918464660645
0.006865024566650391
0.06821274757385254
0.06835436820983887
0.054564476013183594
0.054715871810913086
0.010236263275146484
0.05914187431335449
0.06999945640563965
0.05515265464782715
0.060534000396728516
0.058233022689819336
0.06816983222961426
0.00646662712097168
0.05576515197753906
0.055748939514160156
0.06872177124023438
0.06884574890136719
0.06911778450012207
0.0699310302734375
0.005941629409790039
0.00662684440612793
0.07083940505981445
0.05527615547180176
0.008206844329833984
0.0068852901458740234
0.008053779602050781
0.006859540939331055
0.007342338562011719
0.008428573608398438
0.006956338882446289
0.007051944732666016
0.0058825016021728516
0.006884336471557617
0.0063741207122802734
0.0075778961181640625
0.008847236633300781
0.008018970489501953
0.005937814712524414
0.005878448486328125
0.006757259368896484
0.008266925811767578
0.008440256118774414
0.00841212272644043
0.00829935073852539
0.006780385971069336
0.008339405059814453
0.008431434631347656
0.006521701812744141
0.007960081100463867
0.006168842315673828
0.008278608322143555
0.00879526138305664
0.0068242549896240234
0.006869077682495117
0.006185054779052734
0.006770133972167969
0.008372306823730469
0.006933689117431641
0.006926774978637695
0.006871938705444336
0.008420944213867188
0.005994558334350586
0.007042646408081055
0.0068416595458984375
0.008324861526489258
0.008298158645629883
0.00875711441040039
0.008301496505737305
0.0061838626861572266
0.006008148193359375
0.008325576782226562
0.006862163543701172
0.010946989059448242
0.023588180541992188
0.009186029434204102
0.011936187744140625
0.011539459228515625
0.008401870727539062
0.015880823135375977
0.015554666519165039
0.01411581039428711
0.010828971862792969
0.008571147918701172
0.01067042350769043
0.013322114944458008
0.015044689178466797
0.009105443954467773
0.011331558227539062
0.02878594398498535
0.009270906448364258
0.008594036102294922
0.009406805038452148
0.022263765335083008
0.007802248001098633
0.011598348617553711
0.012444496154785156
0.031110763549804688
0.008786678314208984
0.01403951644897461
0.01244974136352539
0.011156797409057617
0.007825136184692383
0.009532451629638672
0.016175270080566406
0.009145259857177734
0.011934995651245117
0.011254310607910156
0.011064291000366211
0.018032312393188477
0.008685827255249023
0.011667490005493164
0.011507749557495117
0.009633779525756836
0.01066279411315918
0.028299570083618164
0.011718034744262695
0.009958028793334961
0.007696866989135742
0.015229463577270508
0.009011983871459961
0.014108896255493164
0.012227535247802734
0.014465093612670898
0.011046886444091797
0.014152288436889648
0.0076198577880859375
0.010915994644165039
0.008450984954833984
0.009777545928955078
0.011934518814086914
0.007515430450439453
0.016474246978759766
0.009199857711791992
0.009115219116210938
0.018100500106811523
0.013186454772949219
0.009986639022827148
0.01465749740600586
0.011219263076782227
0.013215303421020508
0.011948823928833008
0.01208186149597168
0.009130239486694336
0.010052204132080078
0.0150909423828125
0.010648012161254883
0.027401447296142578
0.009366989135742188
0.01234126091003418
0.012599945068359375
0.007909536361694336
0.01564478874206543
0.01489114761352539
0.013019084930419922
0.011113882064819336
0.008181571960449219
0.011785745620727539
0.014002561569213867
0.0146636962890625
0.009363412857055664
0.01257014274597168
0.032683610916137695
0.00928950309753418
0.008256912231445312
0.009439468383789062
0.02548694610595703
0.007804155349731445
0.01191401481628418
0.013730764389038086
0.036952972412109375
0.009268045425415039
0.013820648193359375
0.016890764236450195
0.011447906494140625
0.008064031600952148
0.009466409683227539
0.015439271926879883
0.009298563003540039
0.012627601623535156
0.011260986328125
0.011783599853515625
0.018211841583251953
0.008359432220458984
0.012711524963378906
0.012725591659545898
0.009910345077514648
0.011403560638427734
0.031868696212768555
0.01178741455078125
0.010929346084594727
0.008554935455322266
0.015455961227416992
0.009228944778442383
0.01483297348022461
0.011105775833129883
0.015122413635253906
0.011785268783569336
0.016335248947143555
0.007615804672241211
0.01181340217590332
0.00833439826965332
0.010301589965820312
0.011383771896362305
0.008011341094970703
0.016437530517578125
0.009190559387207031
0.00940704345703125
0.018136262893676758
0.01589512825012207
0.010324716567993164
0.01735687255859375
0.011160850524902344
0.012825727462768555
0.01346278190612793
0.0127410888671875
0.00924992561340332
0.010967493057250977
0.014857053756713867
0.015028953552246094
0.024526357650756836
0.00938272476196289
0.012750864028930664
0.012684106826782227
0.007557392120361328
0.017733335494995117
0.016836881637573242
0.022294998168945312
0.011113166809082031
0.009212970733642578
0.011970758438110352
0.013864755630493164
0.016782760620117188
0.009305715560913086
0.01197052001953125
0.04360675811767578
0.009192705154418945
0.00974416732788086
0.009337186813354492
0.024235010147094727
0.007957935333251953
0.013309240341186523
0.01171255111694336
0.041441917419433594
0.009082317352294922
0.013851642608642578
0.017571449279785156
0.012138128280639648
0.008016586303710938
0.009441852569580078
0.01694941520690918
0.009366750717163086
0.013734102249145508
0.012285709381103516
0.012105703353881836
0.017938613891601562
0.009342670440673828
0.013166189193725586
0.012605428695678711
0.010224580764770508
0.011085987091064453
0.04257535934448242
0.012129068374633789
0.010985374450683594
0.008909940719604492
0.015496969223022461
0.009290456771850586
0.014955282211303711
0.011141061782836914
0.015048027038574219
0.011566162109375
0.01671600341796875
0.007607936859130859
0.011436223983764648
0.012251615524291992
0.010102510452270508
0.012519598007202148
0.007533073425292969
0.016965627670288086
0.009261846542358398
0.009259939193725586
0.018251419067382812
0.018033504486083984
0.01041269302368164
0.01767444610595703
0.011687517166137695
0.013032674789428711
0.00972604751586914
0.01380157470703125
0.009308099746704102
0.010969400405883789
0.016641855239868164
0.013145208358764648
0.027697324752807617
0.009386301040649414
0.012662649154663086
0.011918783187866211
0.018471717834472656
0.009099721908569336
0.011528253555297852
0.012408971786499023
0.007875442504882812
0.015569686889648438
0.015094518661499023
0.012110710144042969
0.012035369873046875
0.007447719573974609
0.01073765754699707
0.01294255256652832
0.015112876892089844
0.009028434753417969
0.012349843978881836
0.026839494705200195
0.00908970832824707
0.007702827453613281
0.009164810180664062
0.017768383026123047
0.008009672164916992
0.011206865310668945
0.010889291763305664
0.021754741668701172
0.008830070495605469
0.014134883880615234
0.015947341918945312
0.012138605117797852
0.007910490036010742
0.009328365325927734
0.012465238571166992
0.009130001068115234
0.012144088745117188
0.01160883903503418
0.011476755142211914
0.01810932159423828
0.007824420928955078
0.011811017990112305
0.012463092803955078
0.00958395004272461
0.011049270629882812
0.027878999710083008
0.011763811111450195
0.010430097579956055
0.0077838897705078125
0.015724897384643555
0.009371519088745117
0.013527154922485352
0.009701728820800781
0.014961481094360352
0.011313199996948242
0.014315366744995117
0.0076329708099365234
0.010963201522827148
0.010031938552856445
0.009637832641601562
0.0116729736328125
0.007853269577026367
0.014991998672485352
0.009052515029907227
0.00901341438293457
0.017937898635864258
0.014732599258422852
0.01011800765991211
0.016362667083740234
0.010294675827026367
0.013215303421020508
0.011720657348632812
0.011912345886230469
0.009032964706420898
0.010740280151367188
0.014929771423339844
0.05997443199157715
0.09662747383117676
0.07065939903259277
0.07351326942443848
0.09205174446105957
0.019433021545410156
0.10038638114929199
0.10314273834228516
0.10503983497619629
0.06351232528686523
0.051648616790771484
0.0850667953491211
0.0906679630279541
0.1009516716003418
0.0597224235534668
0.06416201591491699
0.09910178184509277
0.09504199028015137
0.05213189125061035
0.09605216979980469
0.10118627548217773
0.10335683822631836
0.0791323184967041
0.07810759544372559
0.09816551208496094
0.07836103439331055
0.013361215591430664
0.12346553802490234
0.07510161399841309
0.10509753227233887
0.11384797096252441
0.0326075553894043
0.0978701114654541
0.05965256690979004
0.05675673484802246
0.10489058494567871
0.018161535263061523
0.051544189453125
0.07321023941040039
0.09324431419372559
0.06793832778930664
0.0561521053314209
0.10027718544006348
0.11354470252990723
0.08852601051330566
0.04225468635559082
0.015197992324829102
0.051256418228149414
0.0632789134979248
0.011905908584594727
0.015421152114868164
0.032222747802734375
0.1178896427154541
0.06443905830383301
0.07296347618103027
0.0561983585357666
0.09647703170776367
0.07592034339904785
0.018780946731567383
0.10637187957763672
0.09747481346130371
0.07749080657958984
0.017985105514526367
0.09493303298950195
0.02229595184326172
0.11283040046691895
0.0884089469909668
0.013871431350708008
0.04946255683898926
0.07287788391113281
0.11566567420959473
0.0875234603881836
0.1010284423828125
0.10834503173828125
0.23854422569274902
0.18292021751403809
0.1374516487121582
0.27068567276000977
0.020135879516601562
0.395953893661499
0.400468111038208
0.167647123336792
0.18197011947631836
0.06718683242797852
0.23420476913452148
0.35277366638183594
0.3952000141143799
0.19674015045166016
0.22268080711364746
0.24382305145263672
0.38314199447631836
0.0696101188659668
0.3661620616912842
0.25130414962768555
0.1294100284576416
0.27562713623046875
0.1370406150817871
0.2789449691772461
0.21932601928710938
0.013232707977294922
0.44015073776245117
0.2946622371673584
0.12961244583129883
0.3739807605743408
0.05255436897277832
0.36522436141967773
0.2230663299560547
0.15868878364562988
0.3237290382385254
0.017948150634765625
0.06808972358703613
0.13685822486877441
0.29648566246032715
0.2706904411315918
0.1413097381591797
0.2617490291595459
0.351306676864624
0.2147364616394043
0.06117129325866699
0.014229297637939453
0.20691514015197754
0.10999059677124023
0.01557159423828125
0.015477895736694336
0.06874346733093262
0.3344118595123291
0.06900858879089355
0.18645501136779785
0.1017909049987793
0.37046313285827637
0.14841532707214355
0.020513534545898438
0.34158778190612793
0.35817790031433105
0.18333196640014648
0.01909947395324707
0.29556727409362793
0.03213858604431152
0.41030097007751465
0.3159785270690918
0.013565778732299805
0.0808568000793457
0.13981866836547852
0.37981653213500977
0.21404242515563965
0.40485334396362305
0.011425256729125977
0.020911455154418945
0.1932542324066162
0.14742350578308105
0.27310895919799805
0.007833480834960938
0.40864133834838867
0.3992786407470703
0.014950990676879883
0.18097996711730957
0.008781909942626953
0.2251441478729248
0.33617591857910156
0.39977073669433594
0.1800234317779541
0.20447754859924316
0.03783559799194336
0.3776247501373291
0.008804559707641602
0.35178160667419434
0.01981639862060547
0.007954835891723633
0.25980091094970703
0.01271367073059082
0.03263282775878906
0.21147918701171875
0.013226032257080078
0.4262967109680176
0.31118226051330566
0.007944107055664062
0.3577759265899658
0.011186838150024414
0.3623535633087158
0.2345442771911621
0.138962984085083
0.3141748905181885
0.01811957359313965
0.009044885635375977
0.14471817016601562
0.3015632629394531
0.2764410972595215
0.142136812210083
0.036823272705078125
0.35111021995544434
0.2199859619140625
0.008559226989746094
0.01433563232421875
0.14959073066711426
0.013520956039428711
0.016188859939575195
0.014739751815795898
0.06885528564453125
0.34024548530578613
0.007585287094116211
0.1831498146057129
0.008625268936157227
0.3662097454071045
0.011612653732299805
0.008034467697143555
0.32517242431640625
0.36102867126464844
0.2001035213470459
0.018169164657592773
0.2852485179901123
0.031998395919799805
0.4030027389526367
0.33270907402038574
0.01320338249206543
0.009543180465698242
0.14494919776916504
0.3653988838195801
0.21874356269836426
0.4546475410461426
0.039224863052368164
0.020067930221557617
0.01863241195678711
0.020830869674682617
0.020580768585205078
0.01860523223876953
0.018581390380859375
0.018850326538085938
0.020300626754760742
0.020873308181762695
0.03190016746520996
0.018823623657226562
0.019193172454833984
0.020154476165771484
0.018904447555541992
0.020050764083862305
0.019886016845703125
0.032146453857421875
0.019753217697143555
0.0184171199798584
0.8986244201660156
0.02269744873046875
0.022806644439697266
0.03595423698425293
3.7399699687957764
1.4603707790374756
0.014455318450927734
1.6391913890838623
0.8008174896240234
2.0202949047088623
2.0497937202453613
4.491021156311035
0.023189306259155273
4.021902084350586
0.03768730163574219
3.148209810256958
2.704526901245117
0.022662878036499023
4.643425941467285
2.702507495880127
1.4821014404296875
2.0565178394317627
2.1402199268341064
0.02292346954345703
3.127049207687378
1.7699944972991943
1.169623851776123
2.056955575942993
0.012957096099853516
0.022638559341430664
0.02306962013244629
0.022858619689941406
2.938746690750122
2.7030324935913086
0.02229475975036621
2.061537742614746
1.3997290134429932
2.629725694656372
0.757354736328125
0.42891836166381836
1.5523669719696045
2.203681230545044
0.08061027526855469
1.0345659255981445
4.4399542808532715
0.08540678024291992
0.025523662567138672
0.0834660530090332
0.18593764305114746
0.4108731746673584
2.5058090686798096
4.757411479949951
0.43491220474243164
2.430051803588867
2.8243558406829834
0.42394161224365234
2.5668580532073975
1.033512830734253
4.621969223022461
2.274237632751465
1.043327808380127
0.3918743133544922
1.0495452880859375
1.3467631340026855
1.3533964157104492
2.3172760009765625
0.1057884693145752
0.3895120620727539
4.563326597213745
1.5434513092041016
